31
 0  -99  -99    0
 1    2    3   97
 2    4    5   69
 3    6    7   34
 4    8    9   80
 5   10   11   88
 6   12   13   66
 7   14   15   34
 8   16   17   42
 9   18   19   76
10   20   21   40
11   22   23    2
12   24   25   40
13   26   27   49
14   28   29   14
15   30   31   78
16  -99  -99   99
17  -99  -99   96
18  -99  -99    3
19  -99  -99   86
20  -99  -99   56
21  -99  -99   83
22  -99  -99   57
23  -99  -99   18
24  -99  -99   26
25  -99  -99    4
26  -99  -99   83
27  -99  -99   26
28  -99  -99   61
29  -99  -99   55
30  -99  -99   86
31  -99  -99    3
